9
9
9
15
15
15
15
15
7
15
15
15
15
15
15
7
9
9
9
9
9
9
5
5
5
5
8
8
8
8
8
8
8
5
8
8
8
8
8
1
1
16
16
16
16
16
16
16
16
1
1
1
1
9
9
9
9
9
9
9
9
9
9
9
9
9
9
9
9
9
9
9
9
9
9
9
15
15
15
15
15
9
15
15
15
15
15
15
15
9
9
9
5
10
10
10
5
10
5
5
10
5
5
5
5
5
5
10
5
5
10
10
9
9
16
16
16
16
16
16
16
16
4
4
4
4
4
4
4
9
9
9
9
9
9
9
9
9
7
8
8
8
8
8
8
8
8
8
10
16
9
9
16
16
16
16
18
18
8
8
8
9
8
8
9
9
10
10
10
10
17
17
10
10
10
10
10
5
10
10
10
5
5
5
5
15
1
1
15
15
1
1
1
15
15
15
1
1
1
15
1
1
1
1
1
8
8
8
8
8
8
8
1
9
9
9
9
9
9
9
9
9
10
10
9
9
9
9
9
18
18
18
16
8
8
8
8
8
8
8
8
10
10
10
5
5
5
5
17
17
17
5
5
5
5
5
5
5
5
5
11
11
11
15
15
15
15
15
15
15
15
15
15
15
15
4
15
4
4
8
8
8
8
8
8
8
8
8
9
9
9
9
9
9
9
9
9
9
17
17
17
17
17
17
17
18
16
16
11
16
11
11
11
11
11
11
11
10
6
6
6
6
6
6
6
6
18
18
14
14
6
6
10
11
11
10
7
9
3
3
3
3
15
15
15
15
3
3
3
9
15
9
3
9
9
9
9
9
9
9
9
9
9
9
8
8
8
8
8
8
8
8
17
17
17
17
17
17
15
15
9
18
16
16
11
11
11
11
11
11
11
11
5
5
5
5
5
5
5
5
5
11
11
5
5
5
5
5
5
5
18
5
9
9
16
16
9
9
9
9
14
5
9
9
5
9
9
9
5
9
9
9
4
9
9
4
4
9
4
4
4
4
4
4
4
4
16
17
7
7
7
17
9
15
7
7
7
7
7
7
7
7
7
7
7
7
7
7
6
6
6
6
6
5
5
5
5
5
5
5
5
5
5
5
5
8
8
8
9
9
8
8
8
8
8
4
4
4
4
4
4
4
4
9
9
4
4
4
4
4
4
4
4
4
4
4
4
4
4
4
4
4
8
3
3
3
3
3
3
3
3
3
3
3
3
3
3
3
3
3
3
3
4
4
4
4
4
4
4
4
4
4
4
4
4
4
4
4
4
4
4
9
9
9
9
9
9
13
9
9
7
7
9
9
9
9
9
9
9
9
9
9
9
9
9
9
9
9
9
9
9
