1
1
1
1
1
1
0
1
1
1
1
1
1
1
1
1
1
12
12
12
12
12
12
12
12
12
12
10
10
10
10
8
8
8
10
15
15
15
11
11
11
11
12
12
12
12
12
11
12
12
12
14
14
14
14
14
14
14
14
15
15
15
15
15
15
15
15
15
15
15
7
15
14
14
14
13
14
14
14
7
14
14
14
14
7
7
7
7
7
7
7
8
8
10
10
10
8
8
8
8
8
12
12
12
12
8
12
12
12
13
13
13
13
13
13
13
13
14
14
14
14
14
14
14
14
14
15
15
15
15
15
15
15
15
15
7
8
15
15
15
14
14
14
14
14
14
14
14
14
14
14
12
8
8
8
12
12
12
12
15
15
15
15
15
15
15
15
15
15
15
15
15
14
14
14
14
14
14
14
14
14
14
14
14
12
12
12
12
12
12
12
12
12
15
15
15
15
15
15
15
15
15
7
8
15
15
15
14
14
14
14
14
14
14
14
14
14
10
10
10
10
12
12
12
14
14
15
16
16
16
16
16
14
14
14
14
14
10
10
10
10
10
10
10
10
10
10
10
15
15
15
15
15
15
15
15
15
15
15
15
14
14
14
14
14
14
14
13
13
14
14
14
14
14
14
14
14
14
14
14
14
14
14
14
14
14
14
14
14
14
14
14
14
14
13
13
13
13
13
13
13
13
13
13
13
13
13
13
13
13
13
13
13
13
8
10
13
13
13
13
13
13
13
13
8
8
8
8
8
8
8
1
1
13
13
1
1
1
1
1
10
