1.013719e-04 1.449104e-06 1.850907e-06 1.940194e-06 2.006844e-06 2.145468e-06 1.710058e-06 2.332454e-06
4.365209e-04 2.452062e-06 2.131525e-06 2.235974e-06 2.112662e-06 1.293902e-06 1.735350e-06 1.412376e-06
2.375932e-03 2.131664e-06 1.545321e-06 2.490359e-06 2.689239e-06 1.744679e-06 1.619019e-06 1.714170e-06
3.872822e-04 1.947150e-06 1.611275e-06 1.963080e-06 2.135747e-06 1.796884e-06 1.938949e-06 1.091735e-06
8.885876e-04 1.868486e-06 2.205607e-06 1.699149e-06 1.201944e-06 2.357952e-06 1.534546e-06 1.243550e-06
2.635339e-04 2.250987e-06 2.256674e-06 2.019898e-06 2.168926e-06 1.496586e-06 1.733166e-06 1.974425e-06
5.586204e-04 2.221083e-06 2.666578e-06 2.062536e-06 1.507431e-06 1.377097e-06 2.475991e-06 1.276483e-06
1.389805e-04 2.174952e-06 1.631836e-06 1.704299e-06 2.905806e-06 1.951220e-06 1.511731e-06 1.915881e-06
2.764901e-04 1.771805e-06 2.189770e-06 2.011878e-06 1.427839e-06 9.982403e-07 1.266653e-06 1.653117e-06
2.433061e-04 2.211625e-06 2.854054e-06 1.797494e-06 2.171105e-06 1.916763e-06 1.819164e-06 2.299269e-06
1.245616e-04 1.541175e-06 2.012764e-06 1.301092e-06 2.280590e-06 1.451304e-06 1.839628e-06 2.457562e-06
2.058030e-04 1.633239e-06 2.041318e-06 2.483553e-06 1.195569e-06 1.363390e-06 2.430181e-06 1.695991e-06
5.599835e-04 2.685184e-06 1.827429e-06 1.168641e-06 2.175464e-06 1.655120e-06 1.554529e-06 1.629742e-06
4.523603e-04 2.414196e-06 1.640356e-06 2.290062e-06 1.767968e-06 2.447073e-06 2.206658e-06 1.985143e-06
9.315332e-04 1.487866e-06 2.308961e-06 2.153838e-06 2.555691e-06 1.740079e-06 1.528853e-06 1.632568e-06
3.350432e-04 2.189277e-06 2.197130e-06 1.708134e-06 1.906455e-06 1.295578e-06 2.052506e-06 1.470889e-06
3.809684e-04 2.144929e-06 1.926399e-06 2.286027e-06 1.591106e-06 1.889064e-06 2.219828e-06 1.974315e-06
1.159286e-04 2.654102e-06 1.711096e-06 2.012893e-06 2.961895e-06 2.375535e-06 1.319043e-06 1.605031e-06
4.300997e-04 2.426084e-06 2.277295e-06 1.630491e-06 1.654000e-06 2.356516e-06 2.028556e-06 1.792713e-06
8.624549e-02 5.336751e-04 3.344335e-06 2.295652e-06 1.686051e-06 2.292108e-06 1.858182e-06 1.754732e-06
5.536628e-01 6.224047e-03 5.060755e-05 3.602328e-06 3.243195e-06 2.123852e-06 1.787874e-06 2.222801e-06
5.740609e-01 5.776519e-03 1.226610e-04 3.846668e-06 1.619394e-06 2.064687e-06 1.496127e-06 2.101271e-06
5.656531e-01 6.389430e-03 1.057163e-04 2.690606e-06 2.817378e-06 2.044781e-06 2.388931e-06 1.195367e-06
6.683937e-01 4.672783e-03 9.495260e-05 2.413376e-06 2.526997e-06 1.834521e-06 1.572359e-06 2.031672e-06
6.175406e-01 4.100218e-03 7.232510e-05 3.098839e-06 2.622666e-06 3.043829e-06 1.891514e-06 1.439083e-06
4.694310e-01 4.621629e-03 9.720485e-05 2.221277e-06 2.285611e-06 1.896651e-06 1.993421e-06 1.687280e-06
3.195894e-01 3.185000e-03 1.202507e-04 3.116638e-06 2.224227e-06 2.545004e-06 1.030213e-06 2.650342e-06
3.974696e-01 3.168083e-03 8.299059e-05 1.779029e-06 1.801727e-06 2.502415e-06 2.702623e-06 1.143238e-06
3.853490e-01 6.734370e-03 7.293889e-04 4.287972e-06 2.234313e-06 2.079681e-06 2.560523e-06 2.292395e-06
1.890939e+00 2.643107e-02 6.947800e-03 4.729941e-06 2.156804e-06 2.423196e-06 1.962079e-06 1.752353e-06
1.233092e+00 1.954487e-02 3.263631e-03 3.175207e-06 2.699331e-06 2.590173e-06 1.496891e-06 2.415216e-06
2.679318e-01 1.047044e-02 4.876165e-04 2.590127e-06 2.395108e-06 1.522632e-06 1.904481e-06 2.275655e-06
1.336804e-01 4.962293e-03 5.202865e-05 1.655817e-06 2.439327e-06 2.875438e-06 2.340999e-06 1.439891e-06
1.086902e-01 3.031205e-03 1.593222e-05 3.734921e-06 2.277494e-06 2.017373e-06 2.162626e-06 1.984930e-06
1.365202e-01 3.964481e-03 6.835980e-05 3.053587e-06 2.421534e-06 2.541506e-06 1.196617e-06 1.969024e-06
3.229674e-02 1.374145e-03 1.734398e-04 3.342648e-06 1.474617e-06 2.121296e-06 2.202794e-06 2.411192e-06
3.943859e-02 1.927641e-03 2.292694e-04 2.930157e-06 1.937860e-06 2.293432e-06 1.180316e-06 2.505560e-06
2.480021e-01 1.832050e-01 6.553299e-03 7.801994e-04 2.355902e-06 2.743393e-06 1.429936e-06 1.732162e-06
3.106942e-01 8.249986e-02 3.328738e-03 6.645115e-04 1.821473e-06 1.203057e-06 2.001760e-06 1.259586e-06
1.579533e-01 4.106695e-02 7.897407e-04 2.325255e-04 3.354563e-06 2.345458e-06 1.873527e-06 2.521518e-06
4.965452e-02 7.021176e-03 6.777020e-04 1.686776e-04 2.588232e-06 2.170847e-06 1.821101e-06 2.330496e-06
2.257611e-02 2.697237e-03 3.086228e-04 7.923732e-05 3.010907e-06 1.489839e-06 1.680972e-06 1.725642e-06
1.135287e-01 1.851497e-03 8.960220e-05 1.292148e-05 1.897726e-06 1.420789e-06 1.353216e-06 1.475323e-06
2.499326e-02 1.030394e-03 1.612812e-04 4.395454e-06 1.660542e-06 1.484710e-06 2.978757e-06 1.177989e-06
7.662419e-02 1.363792e-03 2.249385e-04 3.511034e-06 1.661726e-06 1.562167e-06 1.694545e-06 1.583469e-06
2.812580e+00 3.224707e-02 3.124117e-02 8.167647e-05 5.159516e-06 2.130637e-06 2.745356e-06 2.821441e-06
2.053720e+00 2.811804e-02 1.323707e-02 1.372905e-04 3.703583e-06 1.717318e-06 2.691259e-06 1.998566e-06
7.925087e-01 8.988694e-03 1.453989e-03 6.132072e-05 2.693612e-06 2.137014e-06 2.074537e-06 1.466529e-06
1.113928e-01 3.048926e-03 5.784199e-04 8.009068e-06 3.388769e-06 1.318420e-06 1.193818e-06 1.913138e-06
1.580378e-01 1.256446e-03 1.601860e-04 5.351110e-06 1.962979e-06 3.325037e-06 1.657086e-06 2.285225e-06
9.739875e-02 1.441563e-03 1.384641e-04 3.881163e-06 2.227801e-06 1.784572e-06 2.723748e-06 2.436734e-06
4.037750e-02 7.267898e-04 5.029234e-05 3.151836e-06 2.929047e-06 1.935890e-06 2.969415e-06 1.236294e-06
7.245981e-02 7.603048e-04 4.559363e-04 3.413840e-06 3.013685e-06 1.979920e-06 2.052546e-06 2.096221e-06
3.726924e+00 1.935772e-01 1.187342e-02 9.799434e-06 4.666059e-06 2.452174e-06 2.317591e-06 2.301389e-06
3.495351e+00 7.154782e-02 9.127206e-03 6.898621e-06 3.175848e-06 2.844609e-06 1.836409e-06 1.824487e-06
8.204869e-01 1.923173e-02 1.245857e-03 3.293327e-06 2.037097e-06 1.801925e-06 2.440345e-06 1.907212e-06
2.183718e-01 4.607964e-03 9.206198e-05 2.807559e-06 1.793046e-06 3.087061e-06 1.504175e-06 1.774095e-06
1.888334e-01 3.171838e-03 1.184638e-03 2.093009e-06 1.499069e-06 1.619727e-06 1.371029e-06 1.926743e-06
1.488206e-01 3.493916e-03 4.231459e-04 2.244830e-06 2.469873e-06 2.399957e-06 1.533648e-06 1.536549e-06
1.168417e-01 3.575402e-04 1.515579e-04 2.970435e-06 2.772014e-06 2.084525e-06 1.778371e-06 1.707274e-06
2.222914e-02 4.625474e-04 2.121709e-04 3.088170e-06 1.741219e-06 2.333579e-06 9.305384e-07 1.985826e-06
1.952638e-01 6.848195e-03 1.732160e-04 3.275182e-06 2.457748e-06 1.718124e-06 1.070069e-06 1.626535e-06
3.183537e+00 2.732184e-02 1.413411e-04 1.449358e-05 3.911905e-06 2.881545e-06 1.680864e-06 2.198914e-06
2.590190e+00 1.877287e-02 6.540954e-05 7.098214e-06 2.396247e-06 1.790026e-06 1.070821e-06 1.945620e-06
1.298497e+00 8.662738e-03 6.811205e-05 7.028351e-06 2.165819e-06 1.812469e-06 8.146437e-07 1.128346e-06
8.641938e-01 8.205080e-03 5.494857e-05 9.784883e-06 2.630311e-06 3.641626e-06 2.404882e-06 1.421563e-06
1.078460e+00 7.774193e-03 5.727054e-05 6.733393e-06 2.198445e-06 2.511960e-06 2.727545e-06 1.818081e-06
8.323000e-01 3.477815e-03 1.354472e-05 3.876009e-06 2.729613e-06 1.668921e-06 2.512494e-06 2.290280e-06
5.989332e-01 2.110993e-03 2.938864e-05 6.156596e-06 2.149777e-06 2.532196e-06 1.712458e-06 1.591238e-06
6.118527e-01 1.621889e-03 7.544967e-05 1.126194e-05 2.550236e-06 1.981818e-06 1.662534e-06 1.969930e-06
6.014179e-01 2.121826e-03 4.294817e-05 6.486551e-06 2.173423e-06 1.720325e-06 1.534555e-06 1.726685e-06
5.892396e-01 4.366562e-03 6.231988e-05 2.447112e-06 1.881567e-06 2.879976e-06 1.577740e-06 1.679247e-06
3.668320e-01 3.379164e-03 3.520764e-05 2.118378e-06 1.377542e-06 1.513971e-06 1.586343e-06 1.415440e-06
3.795165e-01 2.539844e-03 5.982310e-06 2.331858e-06 3.122377e-06 1.698647e-06 2.130164e-06 1.723016e-06
7.523119e-01 1.441119e-02 1.498292e-05 2.939662e-06 1.957942e-06 3.381917e-06 1.228594e-06 1.749410e-06
1.788427e+00 1.915389e-02 2.508748e-04 2.973227e-06 3.452571e-06 1.287781e-06 2.338613e-06 1.725600e-06
1.080097e+00 3.014549e-02 4.867938e-04 2.729677e-06 2.756497e-06 2.138378e-06 2.018295e-06 1.598883e-06
6.612788e-01 4.834268e-02 9.124696e-04 3.364876e-06 2.370051e-06 2.324127e-06 1.674984e-06 1.956466e-06
2.241068e+00 9.422356e-02 2.543388e-03 2.971958e-06 2.578888e-06 2.891161e-06 2.113156e-06 9.099037e-07
2.550215e+00 6.561624e-02 3.590636e-03 2.355894e-06 2.129257e-06 1.643752e-06 2.766780e-06 1.723603e-06
5.665509e-01 1.359305e-02 5.902405e-05 2.178716e-06 2.138331e-06 1.725985e-06 1.284039e-06 1.892041e-06
3.147104e-01 5.944090e-03 1.192816e-04 2.239181e-06 2.198778e-06 1.853205e-06 2.129963e-06 2.422739e-06
1.775618e-01 3.436217e-03 1.633247e-04 2.412018e-06 2.263431e-06 1.872221e-06 1.764142e-06 2.165358e-06
1.567337e-01 3.854665e-03 6.042564e-05 1.798668e-06 2.594681e-06 2.317311e-06 2.383451e-06 1.632246e-06
1.873672e-01 1.715308e-03 3.935584e-05 1.689658e-06 3.267671e-06 1.724359e-06 1.330800e-06 1.530655e-06
6.752227e-02 4.716041e-04 2.826995e-05 2.269844e-06 2.602709e-06 1.874443e-06 1.248116e-06 1.683128e-06
3.075313e-01 8.868329e-03 1.281019e-05 2.926871e-06 2.912490e-06 1.665387e-06 2.298913e-06 2.258989e-06
1.305217e+00 8.894324e-03 1.320746e-04 1.513158e-06 1.560865e-06 2.579267e-06 1.898510e-06 2.578712e-06
7.614517e-01 6.013487e-03 7.177488e-05 1.815607e-06 1.515205e-06 2.077849e-06 2.090976e-06 2.103340e-06
3.143061e-01 2.845205e-03 3.176075e-06 2.416841e-06 2.211782e-06 2.334049e-06 1.881872e-06 2.050039e-06
7.680855e-02 2.464156e-03 6.693714e-06 2.561952e-06 3.061923e-06 1.486743e-06 2.291850e-06 1.568589e-06
5.806439e-02 3.332736e-03 6.490843e-06 2.118666e-06 1.503967e-06 1.318760e-06 2.080436e-06 1.731921e-06
5.547092e-02 3.305524e-03 1.205779e-05 1.875701e-06 2.355139e-06 2.062578e-06 1.726932e-06 2.295464e-06
9.019013e-02 1.304009e-03 9.700909e-06 1.228793e-06 1.492380e-06 1.635895e-06 2.392618e-06 2.272779e-06
3.957529e-02 1.443148e-03 3.731166e-06 2.231745e-06 2.274448e-06 1.496487e-06 1.959947e-06 1.557153e-06
5.228601e-01 9.302360e-02 3.185588e-03 6.930597e-06 3.147461e-06 4.568651e-06 2.227541e-06 2.332529e-06
7.751138e-01 8.755994e-02 3.287956e-03 7.432761e-06 2.368451e-06 2.761611e-06 2.513482e-06 1.710476e-06
7.999003e-01 5.940223e-03 8.868566e-04 3.570260e-06 2.085162e-06 1.885291e-06 2.168267e-06 1.672159e-06
5.588310e-01 7.261323e-03 2.540502e-04 2.802632e-06 2.327346e-06 3.650080e-06 1.291039e-06 1.911398e-06
8.250192e-01 8.205618e-03 8.077845e-05 3.747703e-06 1.748713e-06 1.860412e-06 1.900263e-06 2.095030e-06
7.080055e-01 4.074670e-03 1.204215e-04 3.025488e-06 1.943345e-06 1.830369e-06 2.365574e-06 1.462629e-06
8.161899e-01 8.656667e-03 1.135975e-04 2.085096e-06 2.522051e-06 2.108461e-06 2.186833e-06 2.215780e-06
5.662962e-01 5.703388e-03 1.963451e-04 2.764794e-06 2.463840e-06 2.222196e-06 1.706936e-06 1.440025e-06
5.137200e+00 8.093716e-02 1.521293e-01 9.950871e-04 1.410199e-05 4.558504e-06 4.267673e-06 2.088443e-06
3.144416e+00 7.045916e-02 6.195818e-02 6.902255e-04 1.170056e-05 3.081032e-06 2.062928e-06 1.574167e-06
1.706524e+00 1.886115e-02 5.330992e-03 2.750827e-04 3.777950e-06 2.383197e-06 2.734842e-06 1.542525e-06
3.906896e-01 8.405527e-03 8.284572e-04 8.966301e-05 1.710879e-06 2.583368e-06 1.500732e-06 2.695406e-06
2.356393e-01 4.155277e-03 8.015377e-04 9.252822e-05 2.829576e-06 2.040421e-06 2.108805e-06 2.504931e-06
2.134645e-01 6.623032e-03 8.794781e-04 1.226599e-04 2.633885e-06 2.440736e-06 1.828728e-06 2.292530e-06
1.219649e-01 3.408102e-03 3.117966e-04 1.661682e-05 2.195703e-06 2.125938e-06 2.221453e-06 2.431455e-06
1.240156e-01 1.579857e-03 2.037283e-03 1.049363e-05 1.778415e-06 3.218527e-06 1.775684e-06 1.983812e-06
3.477320e+00 3.645785e-01 4.176870e-02 3.740979e-03 4.350946e-04 6.585781e-06 2.453957e-06 2.867834e-06
2.819966e+00 3.552357e-01 3.450943e-02 2.102760e-03 1.188838e-03 7.471592e-06 2.996966e-06 2.151160e-06
1.071560e+00 2.961666e-02 5.179428e-03 6.754987e-04 2.706529e-04 2.798796e-06 2.600618e-06 2.189008e-06
3.084850e-01 9.455652e-03 8.324721e-04 1.177206e-04 1.257155e-04 2.046763e-06 2.244940e-06 1.964160e-06
1.471908e-01 1.189184e-02 4.270956e-04 4.197177e-05 2.748777e-05 2.832192e-06 1.959873e-06 1.680606e-06
5.913980e-02 1.288582e-02 4.426517e-04 1.068098e-05 8.488833e-06 2.632418e-06 1.650887e-06 2.681500e-06
8.889987e-02 7.034413e-03 6.939740e-04 5.437389e-06 2.820559e-06 2.050276e-06 1.390030e-06 2.692516e-06
5.041654e-02 7.439494e-03 1.622497e-03 4.373623e-06 2.629601e-06 2.025779e-06 1.681063e-06 2.220405e-06
1.140705e+00 8.337991e-02 8.091975e-03 1.575124e-03 1.328907e-03 5.395031e-06 3.557491e-06 2.841642e-06
2.777471e+00 1.032262e-01 4.119321e-03 1.101775e-03 1.374112e-03 4.568748e-06 2.654962e-06 2.695474e-06
7.556687e-01 2.701562e-02 2.108420e-03 1.134168e-04 3.645118e-04 3.456912e-06 2.316862e-06 1.808680e-06
4.604300e-01 3.007620e-03 4.838422e-04 4.466536e-05 3.058770e-05 2.041059e-06 1.388940e-06 1.837543e-06
2.596927e-01 1.591989e-02 6.449976e-04 1.633599e-05 2.116060e-05 3.709875e-06 1.818178e-06 1.818596e-06
4.027961e-02 7.201710e-03 4.586547e-04 3.530196e-05 7.186462e-05 2.539622e-06 2.054499e-06 1.253271e-06
1.500266e-01 3.490079e-03 3.132978e-04 1.727966e-05 2.085512e-05 2.765122e-06 2.434407e-06 2.496854e-06
2.290079e-02 2.675430e-03 2.384861e-04 2.964059e-06 2.646076e-06 2.188078e-06 2.098339e-06 1.738423e-06
5.578159e-02 2.027607e-03 1.500347e-04 3.126657e-06 1.821488e-06 1.976511e-06 2.474221e-06 2.289735e-06
1.237250e+00 2.082879e-01 3.379036e-03 1.720147e-05 1.031924e-05 2.745587e-06 2.370107e-06 1.604798e-06
1.744128e+00 1.104191e-01 2.451029e-03 1.279614e-05 5.316565e-06 1.767177e-06 2.184490e-06 2.717018e-06
1.082296e+00 5.301847e-02 1.679371e-03 7.331315e-06 3.423137e-06 1.745595e-06 2.395109e-06 1.741104e-06
8.545337e-01 1.857829e-02 3.117194e-04 3.670165e-06 2.880929e-06 1.438391e-06 2.373826e-06 2.708438e-06
4.811418e-01 4.801021e-03 5.008744e-05 4.375977e-06 3.460411e-06 2.288873e-06 1.598365e-06 2.296200e-06
4.243911e-01 8.323338e-03 1.787650e-05 3.787346e-06 2.252165e-06 1.821829e-06 2.271022e-06 2.455260e-06
2.303320e-01 9.537078e-03 5.389239e-05 3.348518e-06 2.833091e-06 1.610504e-06 1.635896e-06 1.845974e-06
1.241637e-01 6.283414e-03 2.346054e-04 4.416775e-06 2.567166e-06 2.007839e-06 2.356908e-06 1.963068e-06
7.599566e-02 6.946862e-03 1.895057e-04 3.400247e-06 3.060040e-06 1.709930e-06 1.468630e-06 1.973342e-06
1.038787e+00 2.809168e-02 1.778037e-04 6.375477e-06 2.234042e-06 1.911826e-06 2.603593e-06 1.931374e-06
7.502037e-01 2.160822e-02 1.582820e-04 3.387981e-06 2.146962e-06 2.095349e-06 1.947841e-06 1.814954e-06
1.944561e+00 1.994491e-02 1.370744e-04 6.184793e-06 2.953526e-06 2.366026e-06 2.042285e-06 1.467292e-06
1.504855e+00 2.970300e-02 8.348602e-04 6.286907e-06 8.503878e-06 1.899928e-06 1.864599e-06 1.800222e-06
1.134477e+00 1.817343e-02 5.215132e-04 7.348683e-06 3.817459e-05 2.837276e-06 1.225456e-06 2.267405e-06
1.756601e+00 5.789223e-02 1.725848e-03 4.671709e-06 2.531015e-05 2.926162e-06 1.814246e-06 1.658390e-06
2.267534e+00 5.626305e-02 3.917753e-03 1.013178e-05 8.052733e-06 2.651823e-06 1.840295e-06 1.691130e-06
1.512721e+00 7.605514e-02 2.969048e-03 5.817098e-04 9.208755e-04 4.460734e-06 2.790382e-06 2.651902e-06
2.739036e+00 1.288362e-01 4.366896e-03 7.201412e-04 4.751936e-04 3.333604e-06 2.997901e-06 2.266085e-06
1.373893e+00 2.358601e-02 3.752649e-04 6.991430e-05 5.713073e-05 2.769591e-06 1.513286e-06 2.439753e-06
7.769863e-01 1.216756e-02 1.474614e-04 1.701364e-05 5.744791e-06 3.025845e-06 1.882188e-06 2.144647e-06
2.714927e-01 1.220515e-02 3.610836e-04 4.199014e-06 2.028464e-05 1.961086e-06 1.727970e-06 1.561163e-06
1.780270e-01 7.337052e-03 9.516409e-04 4.393741e-06 1.101557e-05 2.796555e-06 2.470162e-06 2.169787e-06
1.631142e-01 9.200069e-03 2.115852e-04 3.762141e-06 4.930914e-06 2.047015e-06 1.779469e-06 1.348566e-06
1.723066e-01 4.381829e-03 2.474769e-04 3.065704e-06 2.419783e-06 2.177682e-06 1.701491e-06 2.158203e-06
1.604444e-01 7.021232e-03 4.401305e-05 4.049533e-06 2.360960e-06 1.797436e-06 3.164126e-06 1.602194e-06
1.540847e+00 6.103106e-02 1.925394e-03 1.075988e-05 3.292363e-06 2.053685e-06 2.025109e-06 1.698222e-06
1.935649e+00 3.633390e-02 2.731112e-03 2.221265e-05 4.236917e-06 1.863199e-06 2.364797e-06 1.381448e-06
7.532424e-01 2.658373e-02 1.006786e-03 1.145671e-05 2.704511e-06 1.746942e-06 1.292248e-06 1.978018e-06
4.341221e-01 7.652366e-03 3.981140e-05 3.796537e-06 2.280977e-06 1.589598e-06 1.264963e-06 1.634931e-06
4.216313e+00 9.750265e-02 1.815132e-01 3.036652e-03 1.884229e-05 5.697464e-06 3.872557e-06 1.405899e-06
4.077831e+00 7.582082e-02 1.477850e-01 3.162114e-03 1.752418e-05 4.915253e-06 4.352043e-06 2.116661e-06
3.672466e+00 5.813177e-02 7.416501e-02 2.083067e-03 1.432799e-05 5.151258e-06 3.592029e-06 1.635496e-06
3.169927e+00 4.475378e-02 3.865440e-02 7.622788e-04 1.235443e-05 2.689481e-06 2.206184e-06 2.860328e-06
1.539379e+01 3.347355e-01 5.042940e-02 1.355116e-02 6.693791e-03 3.360578e-04 3.546034e-05 3.571606e-04
1.641883e+01 3.017981e-01 1.940115e-02 4.466583e-03 1.178673e-03 4.118506e-05 3.462896e-05 5.092416e-05
8.403023e+00 2.199151e-01 1.232426e-02 6.594909e-03 8.364184e-05 3.012420e-04 1.091215e-05 1.041216e-05
5.901954e+00 1.611602e-01 2.007068e-02 2.557003e-03 6.486203e-05 4.759571e-04 9.410814e-06 3.025801e-06
5.470473e+00 9.531977e-02 1.505149e-02 1.297803e-04 8.982536e-05 1.354794e-04 4.681073e-06 2.515912e-06
4.075950e+00 3.716157e-02 1.445469e-02 1.106742e-03 6.383622e-04 3.692602e-05 1.783825e-06 1.801483e-06
3.296607e+00 1.217347e-02 8.945386e-03 1.279781e-03 1.801526e-04 7.876610e-06 2.239433e-06 2.732600e-06
2.926307e+00 9.475492e-03 4.626736e-03 8.256190e-04 2.593341e-05 2.354826e-06 2.521676e-06 1.282713e-06
2.234898e+00 1.325558e-02 8.024606e-03 8.570242e-04 3.595974e-05 4.200869e-06 2.471568e-06 2.035552e-06
2.270671e+00 3.032467e-02 7.477006e-03 9.419700e-04 7.984549e-05 2.434310e-06 2.949077e-06 1.099496e-06
1.224191e+00 2.374259e-02 9.373791e-03 7.591291e-04 9.906243e-05 3.252818e-06 1.808293e-06 2.172948e-06
1.067096e+00 1.299814e-02 1.019957e-02 9.373358e-04 5.216969e-05 1.983749e-06 2.030825e-06 1.661497e-06
6.210598e-01 3.940699e-02 6.516389e-03 7.187722e-04 5.286329e-05 6.989265e-06 2.791160e-06 1.711672e-06
1.579574e+00 7.301351e-02 2.964105e-03 3.872865e-04 6.053707e-05 3.380960e-06 2.746625e-06 2.911404e-06
3.438311e+00 1.246152e-01 8.694196e-03 1.086619e-04 1.798466e-05 2.165173e-06 2.539848e-06 2.065180e-06
2.368399e+00 1.428609e-01 1.487530e-02 2.530910e-04 1.385062e-05 2.234835e-06 1.845268e-06 2.529782e-06
1.760531e+00 1.142756e-01 8.917849e-03 1.783175e-04 6.812512e-06 1.990780e-06 1.854648e-06 1.629106e-06
4.218921e+00 2.334398e-01 1.699904e-02 2.477402e-04 1.053947e-04 8.264366e-06 2.507913e-06 1.769956e-06
8.869840e+00 2.143505e-01 2.805244e-02 8.079001e-04 2.361401e-04 1.401830e-05 2.564357e-06 2.292051e-06
2.637022e+00 4.694680e-02 1.019276e-02 1.851783e-04 1.859033e-05 2.352204e-06 1.623049e-06 2.324297e-06
6.047527e-01 1.679646e-02 1.351255e-03 2.799533e-05 3.643798e-06 1.545273e-06 1.667574e-06 1.601967e-06
4.845582e-01 6.195369e-03 2.710748e-03 9.480163e-06 3.002201e-06 1.595673e-06 1.899943e-06 1.787452e-06
2.690795e-01 1.292419e-02 8.601120e-04 3.314327e-06 2.575881e-06 2.260442e-06 2.064991e-06 1.278732e-06
2.241299e-01 7.306679e-03 3.380218e-04 3.808279e-06 2.835067e-06 2.026907e-06 1.556932e-06 1.675649e-06
1.198743e-01 5.893282e-03 7.265322e-04 3.512391e-06 3.626990e-06 1.987235e-06 1.755338e-06 1.606920e-06
2.402195e+00 5.263697e-02 7.753032e-03 4.006319e-05 5.630548e-06 2.326923e-06 2.688318e-06 1.142583e-06
2.341936e+00 6.610375e-02 5.217325e-03 3.526005e-04 5.678588e-06 2.147253e-06 1.760443e-06 1.607419e-06
2.511154e+00 7.792905e-02 5.477897e-03 3.271826e-04 3.951366e-06 3.322881e-06 2.261297e-06 1.676905e-06
1.249257e+00 1.402951e-02 1.045255e-03 8.107057e-05 2.276625e-06 1.662471e-06 1.572079e-06 1.540378e-06
7.066729e-01 3.655598e-02 2.029087e-02 1.006183e-03 1.080844e-05 4.410824e-06 2.715288e-06 1.680734e-06
5.871430e+00 2.110235e-01 3.875379e-01 8.035434e-03 5.467552e-05 9.024227e-06 1.181618e-05 3.284404e-06
7.331761e+00 1.110257e-01 2.653272e-01 6.300067e-03 1.338500e-04 6.759035e-06 1.936593e-05 3.684964e-06
2.744540e+00 4.025185e-02 5.623718e-02 2.113111e-03 2.276249e-04 5.041379e-06 5.934944e-06 3.039232e-06
6.875252e+00 9.061706e-01 7.899628e-02 8.094998e-03 9.820829e-03 1.504276e-03 9.556576e-04 5.459635e-05
8.277547e+00 6.261246e-01 3.176271e-02 1.379515e-03 3.423752e-04 3.167302e-04 3.768825e-04 4.964868e-05
4.059883e+00 3.437887e-01 1.332169e-02 8.459443e-04 2.240119e-05 3.009225e-04 3.293273e-05 5.484579e-05
2.962003e+00 1.406689e-01 9.194513e-03 3.098264e-03 6.735212e-05 5.192252e-05 1.257839e-05 8.661099e-06
1.417358e+00 3.657468e-02 4.547114e-03 6.736411e-04 2.643853e-05 3.123849e-05 8.805475e-06 3.447149e-06
1.512675e+00 4.627078e-02 2.932889e-03 1.514602e-03 2.520981e-05 3.323109e-05 7.561260e-06 3.802735e-06
1.335979e+00 7.652247e-02 3.213432e-03 3.037539e-04 2.894150e-05 3.070495e-05 2.998080e-06 2.018050e-06
7.298950e-01 7.316916e-02 7.306069e-03 2.872562e-04 4.465644e-05 4.910216e-06 2.962652e-06 2.053123e-06
4.276244e-01 6.050764e-02 4.444705e-03 4.974115e-04 5.262479e-05 1.112463e-05 2.288441e-06 1.408441e-06
7.446902e-01 1.079264e-01 8.706230e-03 5.485639e-04 1.385378e-05 2.320598e-05 1.487811e-06 2.612270e-06
3.942380e+00 1.574604e-01 3.189135e-02 1.076132e-03 5.495771e-05 2.033178e-05 2.539035e-06 2.395662e-06
3.475574e+00 1.351559e-01 2.116168e-02 6.875484e-04 5.838840e-05 7.997629e-06 2.638678e-06 2.402389e-06
8.135491e+00 1.270467e-01 1.406914e-02 1.043100e-03 9.687964e-05 3.088319e-06 3.014010e-06 2.943911e-06
5.630116e+00 1.046285e-01 1.304657e-02 5.336372e-04 4.924294e-05 4.252656e-06 2.136235e-06 1.923313e-06
2.715949e+00 7.029278e-02 6.486613e-03 7.311128e-04 2.390706e-04 2.696141e-06 2.347707e-06 1.694812e-06
3.066796e+00 2.953913e-01 2.529993e-02 5.803600e-04 2.322212e-04 1.365898e-05 2.848113e-06 1.761210e-06
7.658632e+00 2.701729e-01 3.875208e-02 1.043820e-03 3.072854e-04 2.370232e-05 1.508515e-06 2.579744e-06
7.161856e+00 4.648137e-01 5.276456e-02 7.137219e-03 9.842828e-03 3.812302e-05 8.594774e-06 7.597939e-05
1.147464e+01 3.752689e-01 3.943247e-02 5.949116e-03 7.796262e-03 5.032132e-05 3.939906e-05 6.651130e-05
1.014715e+01 6.611826e-01 8.103350e-02 7.290415e-03 4.532138e-03 2.182134e-05 8.087763e-05 1.554716e-05
7.795606e+00 3.015794e-01 2.235815e-02 5.129262e-03 1.976474e-03 1.022216e-05 4.827275e-05 1.364837e-05
2.899736e+00 9.035552e-02 1.450399e-02 1.011951e-03 3.947303e-04 7.910549e-06 1.281785e-05 5.803356e-06
1.178194e+00 7.523659e-02 1.306681e-02 1.238741e-04 7.128880e-04 6.001601e-06 3.055709e-06 1.706949e-06
5.102055e-01 7.432020e-02 9.855831e-03 9.253084e-05 4.457019e-04 3.593235e-06 2.878628e-06 1.934866e-06
5.189660e-01 3.420581e-02 4.905655e-03 1.580932e-04 2.492803e-05 2.946553e-06 2.058930e-06 1.415601e-06
5.600702e-01 2.852427e-02 3.354431e-03 7.720076e-05 3.617729e-05 3.366184e-06 1.958295e-06 2.487985e-06
3.687301e+00 2.621769e-01 7.936989e-02 3.528711e-03 1.125001e-03 1.425682e-05 4.795767e-06 3.586484e-06
6.007328e+00 4.848120e-01 1.039941e-01 3.623754e-03 5.525494e-04 6.952735e-06 5.601402e-06 2.379136e-06
6.198710e+00 1.397199e-01 4.312000e-02 2.409759e-03 3.109816e-05 4.332840e-06 3.703632e-06 1.354550e-06
7.679624e+00 1.682697e-01 3.097198e-01 6.619191e-03 5.401234e-05 7.665922e-06 8.999057e-06 3.214952e-06
6.221109e+00 1.583804e-01 2.557183e-01 5.471216e-03 1.137854e-04 7.725940e-06 4.826177e-06 3.449925e-06
7.298095e+00 4.030084e-01 1.095633e-01 4.740978e-03 1.807709e-03 5.130861e-05 6.135347e-06 3.151491e-06
1.202745e+01 4.048184e-01 5.439939e-02 3.011898e-03 9.490799e-04 1.779892e-04 4.914841e-06 2.213181e-06
1.847185e+01 5.428201e-01 1.148095e-01 3.690012e-03 1.028319e-03 3.764639e-05 4.453942e-06 8.759022e-06
1.651532e+01 5.969948e-01 9.745323e-02 2.263383e-03 2.497501e-04 9.879157e-05 3.405545e-06 3.950501e-06
1.346934e+01 2.088366e+01 7.954675e-01 3.193638e-02 6.053855e-03 2.170888e-03 5.233423e-04 1.222310e-04
8.718509e+00 1.303575e+01 5.188193e-01 1.827484e-02 4.322435e-03 7.118470e-04 7.297565e-05 9.683274e-06
7.870898e+00 9.064447e+00 1.424729e-01 1.234157e-02 1.281070e-03 7.162853e-05 1.230111e-04 7.770678e-06
5.753888e+00 1.012017e+01 6.602051e-02 2.189614e-03 5.460057e-04 3.575811e-04 1.634074e-05 9.058467e-06
4.580517e+00 2.776370e+00 2.389568e-02 3.844699e-03 5.436547e-04 1.421136e-04 1.097693e-05 6.063587e-06
4.203584e+00 1.200921e+00 1.713093e-02 1.402245e-03 3.453927e-04 4.816731e-05 3.044205e-06 2.898255e-06
2.963687e+00 1.274382e+00 7.719733e-03 2.417765e-03 3.881303e-05 2.031657e-05 2.280112e-06 2.003861e-06
1.695430e+00 6.570093e-01 3.275453e-02 1.506929e-03 3.724234e-05 4.550269e-06 3.174472e-06 1.800024e-06
1.272437e+00 2.806468e-01 5.674403e-02 1.878576e-03 1.235730e-04 3.225553e-06 2.881314e-06 3.046451e-06
5.109510e-01 7.165755e-02 6.168659e-02 1.044816e-03 4.470164e-05 2.402982e-06 2.972831e-06 1.320030e-06
8.391518e+00 3.068310e-01 3.132472e-02 1.427227e-03 2.074883e-04 2.314377e-05 4.118941e-06 2.701767e-06
9.773532e+00 2.605671e-01 6.538185e-02 4.991733e-03 6.026946e-04 3.484916e-05 5.154163e-06 2.512720e-06
9.159670e+00 1.569421e-01 7.127364e-02 2.825855e-03 3.562935e-04 8.464304e-05 4.094959e-06 2.596730e-06
8.874871e+00 1.444837e-01 3.972731e-02 9.479362e-03 2.395144e-04 7.559604e-05 4.714509e-06 2.833740e-06
7.861945e+00 1.206694e-01 4.089617e-02 8.320234e-04 2.218737e-04 2.275590e-05 3.714067e-06 1.760436e-06
7.130069e+00 1.137108e-01 1.071477e-02 4.137009e-03 1.435489e-04 1.435258e-05 2.664396e-06 1.842611e-06
6.381207e+00 2.302025e-01 1.851256e-02 1.806546e-03 1.108312e-04 1.002214e-05 1.767729e-06 2.180829e-06
5.832174e+00 2.495239e-01 7.989111e-03 1.977044e-03 1.164813e-04 6.411797e-06 2.272818e-06 1.927019e-06
5.223543e+00 8.849060e-02 1.726659e-02 6.673415e-04 5.227000e-05 4.089123e-06 2.429933e-06 1.085891e-06
5.171863e+00 1.362112e-01 5.745521e-03 3.870767e-03 5.189932e-05 4.621369e-06 1.813772e-06 1.244498e-06
3.008345e+00 1.346120e-01 8.624457e-03 6.109685e-04 3.493054e-05 5.041028e-06 3.030995e-06 3.021550e-06
5.378254e+00 3.089889e-01 1.318790e-02 1.159361e-03 4.390370e-04 1.087814e-05 5.141799e-05 4.568566e-06
3.548726e+00 3.313353e-01 1.130702e-02 3.575011e-04 2.550328e-05 7.807530e-06 9.926643e-06 2.663872e-06
2.172404e+00 1.457520e-01 1.980383e-03 2.424878e-04 7.409216e-06 6.564572e-06 2.066651e-06 1.331175e-06
1.831767e+00 5.257058e-02 3.116729e-03 2.840576e-04 6.293608e-06 3.050748e-06 3.337207e-06 2.377155e-06
8.473267e-01 2.571954e-02 1.007087e-03 8.439225e-05 4.051492e-06 2.700954e-06 1.401661e-06 1.757145e-06
5.827091e+00 1.759014e-01 4.076856e-02 4.016789e-03 4.400541e-04 2.474617e-05 4.824759e-06 8.402276e-06
1.214856e+01 2.256123e-01 1.230277e-02 2.957853e-03 1.405783e-03 1.393063e-05 2.683735e-06 1.257188e-05
7.546827e+00 1.732964e-01 8.418617e-03 2.372180e-03 9.548252e-05 5.625589e-06 3.164226e-06 4.989932e-06
4.525401e+00 9.505239e-02 7.717047e-03 1.835992e-03 6.993695e-05 1.509646e-04 3.247657e-06 2.977141e-06
3.320429e+00 8.278536e-02 8.338807e-03 2.737257e-04 8.369185e-06 9.445353e-05 3.160223e-06 2.035034e-06
3.509159e+00 4.142110e-02 9.130263e-03 1.480507e-04 4.967208e-05 5.821920e-05 3.445794e-06 1.927247e-06
2.577147e+00 8.252297e-02 9.061486e-03 3.471953e-03 3.009198e-03 9.123146e-06 5.196869e-06 5.327089e-06
4.298501e+00 2.841724e-01 1.112586e-02 3.246419e-03 1.489671e-03 8.108266e-06 2.857305e-06 3.171522e-06
2.686741e+00 2.418134e-01 7.207607e-03 3.228423e-03 9.519699e-04 6.189458e-06 4.311600e-06 2.396126e-06
3.897511e+00 1.083336e-01 5.431556e-03 1.946289e-03 5.379394e-04 4.687077e-06 4.006663e-06 1.993752e-06
6.933354e+00 2.908633e-01 3.580671e-02 1.332253e-03 7.099152e-04 1.003085e-05 2.933640e-06 2.226833e-06
6.632208e+00 3.092853e-01 4.415432e-02 3.536564e-04 1.945932e-04 1.487225e-05 1.700432e-06 1.824804e-06
5.878880e+00 2.829225e-01 3.921503e-02 1.360954e-04 8.467586e-05 9.433300e-06 2.414414e-06 2.485541e-06
3.130395e+00 2.871545e-01 2.825719e-02 1.622146e-03 5.318279e-05 5.323630e-06 2.962450e-06 2.326865e-06
4.406995e+00 2.543774e-01 1.959909e-02 7.183413e-04 2.004882e-04 4.729361e-06 2.717198e-06 1.599726e-06
4.959092e+00 2.285338e-01 1.890664e-02 5.275966e-04 1.294920e-04 2.666640e-06 2.328958e-06 1.985340e-06
4.560505e+00 1.061520e-01 1.259813e-02 3.303679e-04 6.611296e-05 2.476111e-06 2.139860e-06 1.886588e-06
2.692914e+00 1.340503e-01 1.718171e-02 8.930237e-05 2.767346e-05 3.289813e-06 2.616568e-06 1.968459e-06
1.600045e+00 6.769370e-02 3.966972e-03 4.172469e-05 3.159971e-05 2.994505e-06 1.914332e-06 2.350727e-06
2.400143e+00 8.813311e-02 2.286566e-03 3.727412e-05 1.956969e-05 2.091157e-06 2.233258e-06 2.015207e-06
1.895007e+00 9.153567e-02 2.618439e-03 4.531164e-05 7.750037e-06 3.479193e-06 2.090764e-06 2.016912e-06
6.099669e+00 1.401878e-01 6.848491e-03 3.266206e-05 1.064194e-05 2.085474e-06 1.956625e-06 2.138232e-06
4.397336e+00 6.795177e-02 7.863029e-03 2.045067e-05 3.612273e-06 2.113952e-06 2.117201e-06 2.208950e-06
4.191234e+00 1.051822e-01 5.646127e-03 5.799108e-06 5.539347e-06 2.265757e-06 2.284214e-06 2.049982e-06
3.330724e+00 9.749278e-02 5.186792e-03 6.151996e-06 3.330155e-06 2.503508e-06 1.792812e-06 2.669714e-06
3.243314e+00 7.717972e-02 1.677386e-03 7.338287e-06 2.973666e-06 2.526909e-06 2.041936e-06 1.487254e-06
1.838142e+00 3.984536e-02 1.228843e-03 7.112527e-06 2.176311e-06 2.547844e-06 1.790571e-06 1.810174e-06
1.345201e+00 4.391257e-02 1.753758e-03 4.374233e-06 3.085087e-06 1.877782e-06 1.485880e-06 1.093780e-06
1.371096e+00 2.812403e-02 8.394801e-04 5.497315e-06 2.456178e-06 1.746628e-06 2.320611e-06 3.290077e-06
1.276886e+00 1.763522e-02 3.181668e-04 3.404529e-06 2.548406e-06 1.242091e-06 1.975935e-06 1.687249e-06
9.408163e-01 9.738710e-03 4.717242e-04 3.072363e-06 2.471069e-06 1.524600e-06 1.544539e-06 1.496218e-06
7.370031e-01 7.163589e-03 3.359446e-04 3.236055e-06 3.236291e-06 1.975030e-06 2.163617e-06 2.031874e-06
5.173698e-01 5.284329e-03 1.114099e-04 2.708604e-06 2.154796e-06 1.584528e-06 1.997858e-06 2.163078e-06
4.524726e-01 5.818719e-03 1.528971e-04 3.624065e-06 3.179319e-06 2.356470e-06 1.957160e-06 3.189929e-06
2.904894e-01 9.263230e-03 1.978559e-04 2.829410e-06 2.200695e-06 1.382470e-06 2.000491e-06 1.668893e-06
1.759098e-01 6.792708e-03 2.138919e-04 2.421372e-06 2.044405e-06 1.782885e-06 1.495277e-06 1.993406e-06
1.646351e-01 7.538325e-03 2.740651e-04 2.744193e-06 2.275080e-06 1.084423e-06 9.261145e-07 1.131615e-06
1.643116e-01 5.450761e-03 2.344791e-04 3.316125e-06 1.804278e-06 1.880081e-06 2.354994e-06 2.651386e-06
2.158235e-01 4.489549e-03 1.343266e-04 2.471086e-06 1.467728e-06 2.410786e-06 1.597765e-06 1.801714e-06
2.012345e-01 3.296926e-03 5.773427e-05 2.902296e-06 1.789789e-06 1.580525e-06 6.241912e-07 1.832693e-06
5.939272e-01 6.135721e-03 2.214520e-05 2.947210e-06 2.044088e-06 1.936301e-06 1.986790e-06 8.634062e-07
4.338571e-01 8.075399e-03 1.224632e-05 2.963991e-06 1.431116e-06 2.093374e-06 1.368961e-06 1.236450e-06
2.337585e-01 6.396259e-03 3.682666e-05 1.909263e-06 1.882638e-06 1.805904e-06 1.819532e-06 1.691944e-06
1.956585e-01 4.225258e-03 2.984701e-05 2.312112e-06 2.428367e-06 2.476826e-06 1.311822e-06 1.434609e-06
2.802174e-01 4.160589e-03 2.278080e-05 2.163791e-06 1.797830e-06 1.348696e-06 1.237853e-06 1.385375e-06
2.273835e-01 2.863206e-03 8.259187e-06 2.162328e-06 2.069814e-06 1.579028e-06 1.883071e-06 2.118247e-06
1.809959e-01 2.616353e-03 4.836799e-06 1.725874e-06 2.643637e-06 1.992229e-06 1.493098e-06 9.721778e-07
1.527252e-01 2.145003e-03 6.327139e-06 3.133596e-06 2.172349e-06 1.542352e-06 1.817840e-06 1.589265e-06
1.781368e-01 1.478487e-03 3.116605e-06 2.191097e-06 2.263547e-06 2.093498e-06 1.128488e-06 2.386993e-06
1.375505e-01 8.464321e-04 1.904280e-06 1.158629e-06 2.149428e-06 2.051494e-06 2.308900e-06 1.542437e-06
1.179724e-01 4.128563e-04 3.491388e-06 3.470098e-06 1.854933e-06 2.231249e-06 2.936063e-06 1.437773e-06
1.063596e-01 5.237330e-04 2.065915e-06 2.180531e-06 1.992611e-06 3.025716e-06 1.382205e-06 1.041901e-06
7.174094e-02 4.462054e-04 2.199856e-06 2.967890e-06 1.657298e-06 2.057090e-06 1.448440e-06 9.449302e-07
4.957199e-02 4.184021e-04 2.797717e-06 2.610466e-06 2.003745e-06 2.542387e-06 1.831548e-06 1.378378e-06
3.783691e-02 3.318784e-04 2.815958e-06 2.094183e-06 2.481402e-06 2.098808e-06 2.463811e-06 2.633640e-06
4.256696e-02 3.095220e-04 3.845868e-06 2.334588e-06 2.694326e-06 1.348928e-06 1.402272e-06 1.695896e-06
3.214655e-02 3.522208e-04 3.096365e-06 1.266191e-06 2.599787e-06 1.498890e-06 1.473562e-06 1.268161e-06
2.133110e-02 3.018463e-04 1.194250e-06 2.815853e-06 1.845597e-06 1.697847e-06 1.681952e-06 1.345537e-06
2.461727e-02 3.668270e-04 2.611717e-06 2.144555e-06 2.113602e-06 1.728260e-06 1.885887e-06 1.734834e-06
1.583210e-02 2.425750e-04 2.804325e-06 1.820284e-06 1.818953e-06 1.680712e-06 2.009203e-06 2.123152e-06
9.112635e-03 1.692972e-04 1.873645e-06 1.770661e-06 1.392620e-06 1.262196e-06 2.352295e-06 1.793275e-06
7.622196e-03 2.180695e-05 2.099089e-06 2.453608e-06 1.603987e-06 2.149841e-06 2.648126e-06 1.584220e-06
9.519926e-03 2.704092e-05 1.954282e-06 1.997791e-06 1.068637e-06 1.866811e-06 1.548153e-06 2.645924e-06
1.030628e-02 1.219318e-05 2.691492e-06 2.301656e-06 1.399894e-06 1.707494e-06 1.386255e-06 1.507690e-06
8.729316e-03 1.008186e-05 1.647491e-06 1.458684e-06 2.473405e-06 1.936512e-06 2.370898e-06 1.769224e-06
7.578393e-03 9.969266e-06 2.632475e-06 1.875390e-06 1.552305e-06 3.421906e-06 2.183166e-06 1.310934e-06
6.686058e-03 4.853266e-06 3.176203e-06 1.562722e-06 2.339782e-06 1.157252e-06 1.377689e-06 1.485065e-06
6.484482e-03 9.151537e-06 2.556161e-06 2.748537e-06 3.143764e-06 1.910618e-06 2.275219e-06 1.316294e-06
5.010370e-03 1.743377e-05 2.510236e-06 1.981213e-06 1.956553e-06 1.697118e-06 2.278350e-06 1.536382e-06
5.202215e-03 8.019568e-06 2.483686e-06 2.085028e-06 1.819010e-06 1.815002e-06 2.303131e-06 2.261186e-06
5.180680e-03 6.414192e-06 2.175874e-06 1.477539e-06 1.422246e-06 2.343859e-06 1.812938e-06 1.438551e-06
5.275855e-03 5.494372e-06 2.806604e-06 2.503686e-06 2.292295e-06 1.811030e-06 1.652205e-06 1.978758e-06
3.937134e-03 2.435121e-06 1.333375e-06 2.156137e-06 2.127500e-06 1.470659e-06 1.575268e-06 1.258044e-06
5.227069e-03 3.207985e-06 1.632422e-06 1.345403e-06 2.518532e-06 1.729904e-06 1.715056e-06 1.870760e-06
6.151983e-03 2.934997e-06 2.272513e-06 2.395338e-06 2.116660e-06 1.917496e-06 1.386737e-06 8.573776e-07
2.586692e-03 2.825076e-06 2.072175e-06 2.215810e-06 1.874655e-06 1.936175e-06 1.923929e-06 1.416049e-06
1.469877e-03 3.747030e-06 2.216063e-06 2.622636e-06 1.383726e-06 1.727859e-06 2.514134e-06 1.548179e-06
1.492294e-03 3.334215e-06 1.355666e-06 2.603579e-06 1.722138e-06 2.344938e-06 1.249039e-06 1.482993e-06
8.405468e-04 2.163910e-06 2.067068e-06 2.107663e-06 2.044990e-06 1.796642e-06 1.462289e-06 1.911769e-06
3.913897e-04 1.418610e-06 2.476164e-06 1.833149e-06 1.500473e-06 1.300813e-06 1.514912e-06 2.608957e-06
1.115892e-03 2.099346e-06 2.038218e-06 1.892977e-06 1.481250e-06 1.513865e-06 1.579332e-06 1.686464e-06
6.489877e-04 2.796188e-06 2.681626e-06 2.093235e-06 1.920023e-06 2.939648e-06 1.670503e-06 1.242378e-06
7.773351e-04 2.862944e-06 2.797432e-06 2.423458e-06 2.917909e-06 2.628224e-06 2.091756e-06 1.506608e-06
5.767928e-04 1.815855e-06 2.493955e-06 2.160119e-06 1.079968e-06 2.117437e-06 1.469942e-06 1.846532e-06
6.852969e-04 2.069271e-06 1.968996e-06 1.436994e-06 1.345805e-06 2.341627e-06 2.100816e-06 1.141424e-06
7.484135e-04 2.712209e-06 3.143508e-06 2.109820e-06 2.866756e-06 2.194679e-06 1.403985e-06 1.224931e-06
4.762399e-04 3.082967e-06 1.478928e-06 2.060182e-06 2.156166e-06 1.788370e-06 2.569035e-06 1.568387e-06
1.663514e-04 2.669516e-06 1.834947e-06 1.755044e-06 2.286178e-06 1.831370e-06 1.776713e-06 2.468950e-06
1.894311e-04 1.276275e-06 2.788812e-06 1.976086e-06 1.740211e-06 2.174599e-06 2.281384e-06 1.229609e-06
